# SWC to SWC conversion from L-Measure. Sridevi Polavaram: spolavar@gmu.edu
# Original fileName:C:\NMO_dev\data_proc\King_Final\Source_Temp1//A1-CA1-L-A63x1zACR3.CNG.swc
#
# SWC to SWC conversion from L-Measure. Sridevi Polavaram: spolavar@gmu.edu
# Original fileName:C:\NMO_dev\data_proc\Auto swc//A1-CA1-L-A63x1zACR3.swc.swc.CNG.swc
#
# Original file C:\NMO_dev\data_proc\Temp_LMeasure\A1-CA1-L-A63x1zACR3.swc.swc edited using StdSwc version 1.31 on 7/31/17.
# Irregularities and fixes documented in C:\NMO_dev\data_proc\Temp_LMeasure\A1-CA1-L-A63x1zACR3.swc.swc.std.  See StdSwc1.31.doc for more information.
#
# SWC to SWC conversion from L-Measure. Sridevi Polavaram: spolavar@gmu.edu
# Original fileName:C:\NMO_dev\data_proc\Source_Temp1//A1-CA1-L-A63x1zACR3.swc
#
 1 1 0 0 0 3.13688 -1
 2 1 0 -3.13 0 3.13688 1
 3 1 0 3.14 0 3.13688 1
 4 7 3.17 -0.5 -0.98 0.318684 1
 5 7 3.71 -0.37 -1.03 0.31446 4
 6 7 4.05 -0.18 -1.11 0.308582 5
 7 7 4.34 0 -1.14 0.159781 6
 8 7 4.63 0.25 -1.16 0.252197 7
 9 7 4.94 0.43 -1.13 0.1165 8
 10 7 5.21 0.6 -1.12 0.1165 9
 11 7 5.46 0.79 -1.19 0.1165 10
 12 7 5.69 1 -1.13 0.1201 11
 13 7 5.9 1.09 -1.12 0.1165 12
 14 7 -3.1 1.62 0.31 0.365226 1
 15 7 -3.64 2.08 0.2 0.1165 14
 16 7 -3.93 2.23 0.18 0.200121 15
 17 7 -4.19 2.34 0.2 0.197892 16
 18 7 -4.46 2.49 0.25 0.1165 17
 19 7 -4.65 2.51 0.25 0.1165 18
 20 7 -4.9 2.6 0.27 0.1165 19
 21 7 -5.15 2.73 0.27 0.1165 20
 22 7 -5.34 2.75 0.27 0.1165 21
 23 7 0.68 -3.66 0.57 0.738941 1
 24 7 1.12 -4.51 0.6 0.740815 23
 25 7 1.89 -4.36 0.43 0.398898 24
 26 7 2.48 -4.11 0.5 0.1165 25
 27 7 1.83 -2.95 0.4 0.257747 1
 28 7 2.17 -3 0.46 0.1165 27
 29 7 2.43 -3.07 0.49 0.1165 28
 30 7 2.69 -3.17 0.49 0.1165 29
 31 7 2.63 -3.71 0.5 0.1165 30
 32 7 3.33 -1.62 0.43 0.989862 1
 33 7 4.73 -1.86 0.54 0.933625 32
 34 7 5.96 -1.87 0.57 0.712695 33
 35 7 6.96 -1.83 0.61 0.702383 34
 36 7 8.06 -1.73 0.66 0.706648 35
 37 7 9.14 -1.61 0.68 0.81705 36
 38 7 10.3 -1.5 0.67 0.933064 37
 39 7 11.39 -1.34 0.73 0.982563 38
 40 7 13.31 -0.63 0.87 0.552061 39
 41 7 14.01 -0.36 0.93 0.618664 40
 42 7 14.81 -0.2 1 0.560455 41
 43 7 15.6 0.01 1.12 0.586195 42
 44 7 16.3 0.23 1.16 0.466001 43
 45 7 17.04 0.46 1.2 0.515493 44
 46 7 17.71 0.75 1.26 0.407433 45
 47 7 18.37 1.15 1.41 0.498749 46
 48 7 18.96 1.66 1.52 0.486968 47
 49 7 18.62 2.25 1.87 0.1165 48
 50 7 18.54 2.5 1.91 0.252198 49
 51 7 18.37 2.71 1.97 0.238596 50
 52 7 18.22 2.97 1.97 0.274241 51
 53 7 18.04 3.24 2.04 0.176063 52
 54 7 17.95 3.5 2.08 0.1165 53
 55 7 17.64 3.73 2.26 0.146324 54
 56 7 13.34 -1.96 0.61 0.546318 39
 57 7 14.02 -2.08 0.61 0.314462 56
 58 7 14.51 -2.07 0.69 0.314461 57
 59 7 15.01 -2.09 0.74 0.237566 58
 60 7 15.3 -2.05 0.74 0.391135 59
 61 7 15.85 -2 0.74 0.349922 60
 62 7 16.37 -1.89 0.75 0.234127 61
 63 7 16.86 -1.88 0.69 0.157229 62
 64 7 17.11 -1.87 0.73 0.1165 63
 65 7 17.34 -1.87 0.8 0.237565 64
 66 7 17.77 -1.86 0.82 0.233281 65
 67 7 18.21 -1.86 0.85 0.314457 66
 68 7 18.69 -1.86 0.86 0.31446 67
 69 7 19.14 -1.86 0.86 0.314459 68
 70 7 19.63 -1.86 0.79 0.234127 69
 71 7 20.1 -1.86 0.75 0.31446 70
 72 7 20.62 -1.83 0.74 0.154937 71
 73 7 0.15 3.14 0.28 1.4432 1
 74 7 -0.57 4.82 0.1 0.408117 73
 75 7 -0.81 5.34 0.05 0.154297 74
 76 7 -0.93 5.57 0.05 0.154624 75
 77 7 -1.12 5.73 0.02 0.22066 76
 78 7 -1.29 5.92 0.02 0.20735 77
 79 7 -1.54 6.09 -0.02 0.1165 78
 80 7 -1.84 6.34 -0.1 0.154097 79
 81 7 -2.04 6.42 -0.15 0.219538 80
 82 7 -2.27 6.48 -0.18 0.233 81
 83 7 2.3 5.4 0.46 1.05497 73
 84 7 0.54 5.55 1.25 0.386619 83
 85 7 0 5.57 1.47 0.292401 84
 86 7 -0.4 5.59 1.51 0.314461 85
 87 7 -0.92 5.73 1.62 0.177151 86
 88 7 -1.12 5.78 1.62 0.1165 87
 89 7 -1.36 5.8 1.64 0.1165 88
 90 7 -1.62 5.75 1.65 0.1165 89
 91 7 3.41 6.34 0.62 0.660492 83
 92 7 3.65 7.21 0.87 0.560453 91
 93 7 3.85 7.96 1.11 0.4711 92
 94 7 4.09 8.72 1.23 0.475876 93
 95 7 4.53 9.31 1.28 0.365227 94
 96 7 4.84 9.85 1.27 0.47169 95
 97 7 5.11 10.47 1.24 0.365225 96
 98 7 5.36 11.09 1.22 0.362316 97
 99 7 5.53 11.43 1.24 0.352924 98
 100 7 5.78 12.05 1.32 0.237565 99
 101 7 5.96 12.35 1.37 0.252197 100
 102 7 6.11 12.6 1.37 0.141231 101
 103 7 6.23 12.89 1.37 0.159795 102
 104 7 6.36 13.14 1.37 0.327224 103
 105 7 6.51 13.47 1.37 0.378158 104
 106 7 6.82 14.06 1.38 0.407471 105
 107 7 7.15 14.72 1.44 0.174971 106
 108 7 7.3 15.01 1.45 0.407471 107
 109 7 7.61 15.67 1.41 0.312879 108
 110 7 7.96 16.26 1.4 0.391136 109
 111 7 8.27 16.87 1.45 0.46595 110
 112 7 8.68 17.44 1.5 0.471693 111
 113 7 9.1 17.95 1.5 0.566822 112
 114 7 9.67 18.37 1.52 0.494932 113
 115 7 10.27 18.78 1.62 0.407471 114
 116 7 10.93 19.04 1.62 0.405942 115
 117 7 11.6 19.29 1.62 0.336685 116
 118 7 12.14 19.44 1.63 0.337271 117
 119 7 12.47 19.54 1.73 0.253211 118
 120 7 12.81 19.63 1.78 0.301418 119
 121 7 13.31 19.77 1.87 0.233002 120
 122 7 13.56 19.85 1.84 0.233246 121
 123 7 13.8 19.87 1.79 0.301848 122
 124 7 14.26 20.04 1.76 0.314461 123
 125 7 14.72 20.14 1.79 0.279515 124
 126 7 15.26 20.22 1.87 0.1165 125
 127 7 15.46 20.26 1.87 0.1165 126
 128 7 15.68 20.37 1.88 0.1165 127
 129 7 15.89 20.44 1.88 0.1165 128
 130 7 16.18 20.54 1.88 0.1165 129
 131 7 16.43 20.64 1.88 0.1165 130
 132 7 3.93 6.53 -0.2 0.872766 91
 133 7 4.88 8.17 -0.2 0.4815 132
 134 7 5.36 8.76 -0.28 0.407473 133
 135 7 5.84 9.3 -0.31 0.457355 134
 136 7 6.34 9.8 -0.37 0.471692 135
 137 7 6.82 10.31 -0.4 0.627105 136
 138 7 7.55 10.38 -0.4 0.173471 137
 139 7 7.8 10.52 -0.4 0.162364 138
 140 7 8.05 10.64 -0.4 0.157942 139
 141 7 8.22 10.84 -0.4 0.19745 140
 142 7 8.52 10.97 -0.4 0.164908 141
 143 7 5.46 7.3 0.09 0.391139 132
 144 7 5.76 7.51 0.18 0.383293 143
 145 7 6.28 7.9 0.15 0.40747 144
 146 7 6.8 8.35 0.2 0.233123 145
 147 7 7.09 8.6 0.2 0.293117 146
 148 7 7.34 8.81 0.18 0.272159 147
 149 7 7.67 8.97 0.1 0.299298 148
 150 7 7.94 9.14 0.11 0.349499 149
 151 7 8.68 9.39 0.31 0.6393 150
 152 7 9.27 10.14 0.34 0.48046 151
 153 7 9.64 10.8 0.37 0.49493 152
 154 7 10.05 11.38 0.46 0.457529 153
 155 7 10.27 12.1 0.5 0.249542 154
 156 7 10.38 12.42 0.51 0.434472 155
 157 7 10.52 13.06 0.46 0.471693 156
 158 7 10.72 13.72 0.43 0.302465 157
 159 7 11.06 14.09 0.43 0.1165 158
 160 7 11.27 14.25 0.43 0.118782 159
 161 7 11.43 14.47 0.46 0.1165 160
 162 7 11.77 14.85 0.34 0.1165 161
 163 7 11.93 15.1 0.3 0.13245 162
 164 7 12 15.3 0.28 0.235103 163
 165 7 3.33 1.75 0 0.907334 1
 166 7 4.38 2.34 0.1 0.996451 165
 167 7 5.5 3 0.2 0.986586 166
 168 7 7.21 3.21 0.15 0.632371 167
 169 7 8.17 3.32 0.11 0.598176 168
 170 7 9.06 3.65 0.18 0.55092 169
 171 7 9.89 3.89 0.2 0.521831 170
 172 7 10.71 4.13 0.23 0.480637 171
 173 7 11.52 4.42 0.15 0.455159 172
 174 7 12.22 4.69 0.1 0.351191 173
 175 7 12.56 4.78 0.11 0.391138 174
 176 7 13.31 5.01 0.1 0.407473 175
 177 7 14.05 5.23 0.15 0.280225 176
 178 7 14.43 5.36 0.15 0.442622 177
 179 7 15.21 5.61 0.2 0.504396 178
 180 7 15.89 5.96 0.15 0.407472 179
 181 7 16.53 6.28 0.1 0.531418 180
 182 7 17.18 6.51 0.2 0.391139 181
 183 7 17.78 6.73 0.15 0.471692 182
 184 7 18.43 6.94 0.14 0.416872 183
 185 7 18.95 7.05 0.18 0.1165 184
 186 7 19.21 7.3 0.23 0.1165 185
 187 7 19.43 7.38 0.25 0.1165 186
 188 7 19.7 7.51 0.3 0.264198 187
 189 7 20.12 7.67 0.28 0.314457 188
 190 7 20.56 7.98 0.28 0.189557 189
 191 7 20.79 8.06 0.27 0.207788 190
 192 7 21.06 8.18 0.27 0.184292 191
 193 7 21.31 8.31 0.27 0.157932 192
 194 7 21.52 8.35 0.27 0.247072 193
 195 7 21.72 8.47 0.27 0.189758 194
 196 7 22.01 8.64 0.27 0.252199 195
 197 7 22.25 8.77 0.27 0.235722 196
 198 7 22.67 8.93 0.27 0.192937 197
 199 7 22.87 9.14 0.27 0.148605 198
 200 7 23.12 9.22 0.27 0.199158 199
 201 7 23.35 9.39 0.27 0.201024 200
 202 7 23.56 9.47 0.27 0.202684 201
 203 7 23.8 9.63 0.27 0.198945 202
 204 7 24.04 9.71 0.27 0.203571 203
 205 7 24.35 9.81 0.2 0.1165 204
 206 7 24.6 9.93 0.25 0.1165 205
 207 7 24.79 10.1 0.27 0.1165 206
 208 7 25 10.18 0.27 0.1165 207
 209 7 25.2 10.31 0.27 0.1165 208
 210 7 25.5 10.5 0.27 0.1165 209
 211 7 25.75 10.63 0.27 0.1165 210
 212 7 6.42 4.42 0.25 0.550919 167
 213 7 6.98 5.26 0.34 0.618663 212
 214 7 7.4 5.86 0.33 0.565273 213
 215 7 7.94 6.48 0.36 0.460995 214
 216 7 8.38 7.13 0.37 0.523353 215
 217 7 8.72 7.8 0.31 0.533524 216
 218 7 9.47 8.01 0.46 0.1165 217
 219 7 9.72 8.13 0.55 0.155924 218
 220 7 9.89 8.27 0.56 0.152607 219
 221 7 10.13 8.47 0.51 0.175151 220
 222 7 10.31 8.67 0.5 0.155289 221
 223 7 10.55 8.88 0.5 0.142528 222
 224 7 10.77 9.1 0.5 0.151418 223
 225 7 11 9.31 0.5 0.157425 224
 226 7 11.22 9.56 0.5 0.157306 225
 227 7 11.52 9.77 0.5 0.15131 226
 228 7 -4.4 -4.82 -0.23 3.18557 1
 229 7 -1.25 -5.84 0.07 0.475129 228
 230 7 0.46 -6.11 0.4 1.0134 229
 231 7 0.79 -6.59 0.46 0.904121 230
 232 7 1.12 -7.07 0.5 0.904121 231
 233 7 1.74 -7.94 0.56 0.773238 232
 234 7 2.15 -8.88 0.61 0.658389 233
 235 7 2.42 -9.72 0.56 0.62892 234
 236 7 2.75 -10.56 0.56 0.742398 235
 237 7 3.03 -11.46 0.56 0.768081 236
 238 7 4.71 -13.56 0.74 0.257751 237
 239 7 4.92 -13.88 0.73 0.330427 238
 240 7 5.11 -14.22 0.75 0.365226 239
 241 7 5.46 -14.77 0.79 0.306071 240
 242 7 5.59 -15.09 0.8 0.247466 241
 243 7 5.73 -15.38 0.79 0.257746 242
 244 7 5.92 -15.64 0.81 0.397878 243
 245 7 6.19 -16.2 0.82 0.314463 244
 246 7 6.55 -16.69 0.85 0.248986 245
 247 7 6.69 -16.94 0.85 0.237564 246
 248 7 6.86 -17.37 0.82 0.301419 247
 249 7 7.03 -17.62 0.85 0.230845 248
 250 7 7.26 -17.95 0.85 0.301418 249
 251 7 7.44 -18.26 0.86 0.232377 250
 252 7 7.59 -18.52 0.86 0.31446 251
 253 7 7.9 -19.04 0.85 0.335205 252
 254 7 8.22 -19.54 0.86 0.257855 253
 255 7 8.39 -19.8 0.86 0.261899 254
 256 7 8.56 -20.17 0.86 0.232512 255
 257 7 8.68 -20.37 0.91 0.1165 256
 258 7 8.96 -20.67 0.93 0.1165 257
 259 7 9.14 -20.92 0.94 0.1165 258
 260 7 9.18 -21.12 0.97 0.1165 259
 261 7 9.34 -21.34 0.97 0.1165 260
 262 7 9.39 -21.54 0.97 0.1165 261
 263 7 9.52 -21.84 0.97 0.1165 262
 264 7 3.44 -14.14 0.56 0.960936 237
 265 7 3.63 -15.22 0.61 0.708527 264
 266 7 3.67 -16.12 0.68 0.720597 265
 267 7 3.76 -17.05 0.72 0.585319 266
 268 7 3.83 -18.04 0.85 0.504396 267
 269 7 3.97 -18.77 0.91 0.519812 268
 270 7 4.13 -19.52 0.93 0.519176 269
 271 7 4.15 -20.35 1 0.618665 270
 272 7 4.15 -21.18 1.08 0.475129 271
 273 7 4.13 -22.03 1.03 0.483783 272
 274 7 3.78 -22.96 0.99 0.619212 273
 275 7 3.43 -23.88 0.97 0.233 274
 276 7 -0.31 -7.8 0.17 0.405124 231
 277 7 -0.51 -8.27 0.2 0.242015 276
 278 7 -0.68 -8.56 0.18 0.230123 277
 279 7 -0.79 -8.8 0.2 0.185691 278
 280 7 -0.91 -9.02 0.18 0.130132 279
 281 7 -1.07 -9.22 0.17 0.179233 280
 282 7 -1.23 -9.47 0.11 0.237565 281
 283 7 -1.36 -9.72 0.14 0.217045 282
 284 7 -1.49 -9.96 0.15 0.240198 283
 285 7 -1.62 -10.39 0.15 0.314461 284
 286 7 -1.6 -10.68 0.07 0.142837 285
 287 7 1.37 -5.78 -0.43 0.480397 230
 288 7 2.19 -5.46 -0.63 0.351191 287
 289 7 2.84 -5.44 -0.67 0.466 288
 290 7 3.54 -5.42 -0.68 0.549736 289
 291 7 4.21 -5.38 -0.81 0.466 290
 292 7 4.96 -5.3 -0.91 0.466562 291
 293 7 5.73 -5.17 -0.98 0.600024 292
 294 7 6.46 -5.57 -1.09 0.34464 293
 295 7 7.11 -5.71 -1.12 0.356347 294
 296 7 7.67 -6.17 -1.24 0.297788 295
 297 7 7.9 -6.42 -1.28 0.298164 296
 298 7 8.1 -6.69 -1.37 0.1165 297
 299 7 8.31 -6.98 -1.41 0.252197 298
 300 7 8.47 -7.26 -1.45 0.257747 299
 301 7 8.6 -7.53 -1.57 0.301419 300
 302 7 8.72 -7.84 -1.63 0.228582 301
 303 7 8.68 -8.09 -1.72 0.271636 302
 304 7 8.59 -8.31 -1.82 0.295328 303
 305 7 8.25 -8.77 -1.98 0.18367 304
 306 7 7.96 -9 -2.04 0.1165 305
 307 7 7.78 -9.18 -2.1 0.162201 306
 308 7 7.51 -9.27 -2.16 0.233 307
 309 7 7.23 -9.46 -2.26 0.206402 308
 310 7 6.96 -9.56 -2.45 0.173873 309
 311 7 6.67 -9.72 -2.56 0.252197 310
 312 7 6.42 -9.89 -2.59 0.238234 311
 313 7 6.15 -10.06 -2.65 0.314462 312
 314 7 5.82 -10.18 -2.72 0.314461 313
 315 7 -5.15 -5.63 0.37 0.1165 228
 316 7 -6.32 -6.67 -0.81 0.943383 315
 317 7 -7.51 -7.71 -2 0.943383 316
 318 7 -8.5 -6.9 -1.2 2.39966 317
 319 7 -8.6 -6.8 -1.1 2.39966 318
 320 7 -8.72 -6.69 -1 2.39966 319
 321 7 -8.97 -6.48 -0.8 2.39966 320
 322 7 -9.47 -6.09 -0.37 2.39966 321
 323 7 -10.85 -8.43 -0.23 0.329511 322
 324 7 -11.18 -8.76 -0.17 0.301421 323
 325 7 -11.52 -8.97 -0.11 0.38879 324
 326 7 -11.89 -9.1 -0.15 0.407473 325
 327 7 -12.22 -9.34 -0.15 0.459513 326
 328 7 -13.25 -10.05 -0.43 0.223232 327
 329 7 -13.52 -10.25 -0.46 0.314174 328
 330 7 -13.85 -10.35 -0.5 0.353324 329
 331 7 -14.31 -10.64 -0.5 0.181571 330
 332 7 -14.72 -10.96 -0.62 0.1165 331
 333 7 -7.26 -8.25 -1.86 1.35915 321
 334 7 -7.01 -8.8 -1.71 1.35915 333
 335 7 -6.26 -10.47 -1.24 0.1165 334
 336 7 -6.07 -10.92 -1.33 0.162707 335
 337 7 -5.96 -11.14 -1.35 0.15969 336
 338 7 -9.63 -8.39 -2.51 0.461912 333
 339 7 -10.22 -8.77 -2.54 0.210804 338
 340 7 -10.56 -9.05 -2.57 0.252199 339
 341 7 -10.81 -9.27 -2.53 0.1165 340
 342 7 -11.02 -9.52 -2.59 0.1165 341
 343 7 -11.22 -9.72 -2.69 0.247465 342
 344 7 -11.5 -9.93 -2.73 0.306628 343
 345 7 -10.52 -3.75 -1.13 0.631169 320
 346 7 -10.89 -2.5 -1.52 0.356347 345
 347 7 -10.97 -1.99 -1.58 0.233282 346
 348 7 -11.06 -1.73 -1.62 0.1165 347
 349 7 -11.06 -1.5 -1.63 0.1208 348
 350 7 -11.02 -1.21 -1.61 0.145043 349
 351 7 -10.93 -0.97 -1.6 0.1165 350
 352 7 -10.02 -9.1 -0.43 0.1165 319
 353 7 -10.14 -9.47 -0.43 0.1165 352
 354 7 -10.31 -9.67 -0.43 0.1165 353
 355 7 -10.43 -9.89 -0.43 0.1165 354
 356 7 -13.13 -7.09 -0.25 1.10136 318
 357 7 -14.47 -7.78 -0.23 1.08659 356
 358 7 -15.64 -8.55 -0.37 1.0369 357
 359 7 -17.03 -9.1 -0.4 1.00879 358
 360 7 -18.39 -9.93 -0.49 1.14792 359
 361 7 -20.01 -10.81 -0.43 1.20568 360
 362 7 -21.22 -11.47 -0.5 1.28873 361
 363 7 -22.54 -12.06 -0.51 0.86613 362
 364 7 -24.37 -14 -1.27 0.480397 363
 365 7 -24.7 -14.35 -1.47 0.510935 364
 366 7 -25.37 -14.84 -1.7 0.524727 365
 367 7 -26.12 -15.18 -1.94 0.391136 366
 368 7 -26.7 -15.52 -2.01 0.32905 367
 369 7 -27.35 -15.67 -2.25 0.261184 368
 370 7 -27.71 -15.8 -2.35 0.468254 369
 371 7 -28.38 -16 -2.48 0.466562 370
 372 7 -29.12 -16.29 -2.5 0.661767 371
 373 7 -30.12 -16.1 -2.64 0.328966 372
 374 7 -30.46 -16.09 -2.64 0.31446 373
 375 7 -30.95 -16.06 -2.73 0.233281 374
 376 7 -31.45 -16.12 -2.75 0.273297 375
 377 7 -31.72 -16.18 -2.75 0.236508 376
 378 7 -25.67 -12.93 -0.5 1.0699 363
 379 7 -27.62 -13.77 -0.55 1.05497 378
 380 7 -28.67 -15.1 -0.57 0.1165 379
 381 7 -28.95 -15.47 -0.6 0.241279 380
 382 7 -29.25 -15.77 -0.62 0.17829 381
 383 7 -29.5 -15.97 -0.63 0.179249 382
 384 7 -29.29 -14.02 -0.51 0.725067 379
 385 7 -30.37 -14.22 -0.55 0.768518 384
 386 7 -31.29 -14.39 -0.57 0.706648 385
 387 7 -32.11 -14.6 -0.62 0.634938 386
 388 7 -32.97 -14.75 -0.63 0.585318 387
 389 7 -33.7 -14.97 -0.69 0.555614 388
 390 7 -34.45 -15.1 -0.72 0.336572 389
 391 7 -34.9 -14.93 -0.76 0.235639 390
 392 7 -8.6 -9.51 -1.03 0.504394 317
 393 7 -9.22 -10.1 -1 0.301418 392
 394 7 -9.43 -10.31 -1 0.292202 393
 395 7 -9.72 -10.52 -1 0.222674 394
 396 7 -10 -10.77 -1.07 0.164774 395
 397 7 -10.22 -10.97 -1.1 0.142798 396
 398 7 -10.47 -11.17 -1.11 0.148965 397
 399 7 -10.72 -11.31 -1.12 0.145358 398
 400 7 -10.93 -11.47 -1.12 0.185364 399
 401 7 -11.14 -11.68 -1.12 0.146305 400
 402 7 -11.43 -11.88 -1.12 0.149736 401
 403 7 -11.63 -12.05 -1.12 0.12288 402
 404 7 -11.85 -12.26 -1.12 0.122342 403
 405 7 -12.1 -12.43 -1.12 0.126099 404
 406 7 -12.35 -12.68 -1.15 0.1165 405
 407 7 -12.59 -12.81 -1.21 0.120099 406
 408 7 -12.81 -12.93 -1.23 0.224026 407
 409 7 -13.02 -13.1 -1.21 0.196503 408
 410 7 -13.31 -13.3 -1.13 0.1165 409
 411 7 -13.51 -13.46 -1.25 0.1165 410
 412 7 -13.72 -13.55 -1.29 0.117063 411
 413 7 -8.14 -2.49 0.18 0.693907 316
 414 7 -8.93 -1.65 0.07 0.560453 413
 415 7 -9.52 -1.14 -0.15 0.546438 414
 416 7 -10.31 -0.93 -0.37 0.367846 415
 417 7 -10.89 -0.81 -0.43 0.233281 416
 418 7 -11.13 -0.79 -0.43 0.32904 417
 419 7 -11.68 -0.54 -0.43 0.15723 418
 420 7 -11.85 -0.5 -0.43 0.1165 419
 421 7 -12.09 -0.46 -0.43 0.1165 420
 422 7 -12.35 -0.4 -0.43 0.1165 421
 423 7 -12.6 -0.3 -0.43 0.1165 422
 424 7 -12.81 -0.1 -0.46 0.1165 423
 425 7 -13.06 0.05 -0.5 0.121743 424
 426 7 -13.35 0.1 -0.43 0.1165 425
 427 7 -6.46 -8.46 0.61 0.391135 315
 428 7 -6.63 -8.81 0.67 0.459258 427
 429 7 -6.92 -9.26 0.72 0.304669 428
 430 7 -7.15 -9.52 0.75 0.297239 429
 431 7 -7.36 -9.77 0.8 0.254187 430
 432 7 -7.55 -10.09 0.81 0.272849 431
 433 7 -7.73 -10.31 0.82 0.286437 432
 434 7 -7.88 -10.63 0.85 0.295439 433
 435 7 -8.06 -11.17 0.94 0.1165 434
 436 7 -8.09 -11.35 0.94 0.1165 435
